
RESULT OF: MATH and AGE
LINEAR REGRESSION
---------------------------------------------------
x          | y          | x^2        | xy         | 
---------------------------------------------------
93         | 19         | 8649       | 1767       | 
76         | 20         | 5776       | 1520       | 
70         | 19         | 4900       | 1330       | 
19         | 21         | 361        | 399        | 
52         | 19         | 2704       | 988        | 
73         | 21         | 5329       | 1533       | 
95         | 22         | 9025       | 2090       | 
58         | 22         | 3364       | 1276       | 
48         | 22         | 2304       | 1056       | 
27         | 20         | 729        | 540        | 
99         | 23         | 9801       | 2277       | 
96         | 19         | 9216       | 1824       | 
61         | 19         | 3721       | 1159       | 
76         | 22         | 5776       | 1672       | 
48         | 22         | 2304       | 1056       | 
70         | 21         | 4900       | 1470       | 
71         | 21         | 5041       | 1491       | 
90         | 22         | 8100       | 1980       | 
89         | 23         | 7921       | 2047       | 
82         | 21         | 6724       | 1722       | 
57         | 19         | 3249       | 1083       | 
93         | 19         | 8649       | 1767       | 
65         | 21         | 4225       | 1365       | 
68         | 20         | 4624       | 1360       | 
65         | 19         | 4225       | 1235       | 
34         | 23         | 1156       | 782        | 
71         | 19         | 5041       | 1349       | 
18         | 20         | 324        | 360        | 
34         | 19         | 1156       | 646        | 
52         | 20         | 2704       | 1040       | 
57         | 21         | 3249       | 1197       | 
48         | 23         | 2304       | 1104       | 
82         | 23         | 6724       | 1886       | 
60         | 21         | 3600       | 1260       | 
77         | 20         | 5929       | 1540       | 
94         | 22         | 8836       | 2068       | 
48         | 20         | 2304       | 960        | 
38         | 23         | 1444       | 874        | 
32         | 19         | 1024       | 608        | 
77         | 20         | 5929       | 1540       | 
29         | 22         | 841        | 638        | 
38         | 23         | 1444       | 874        | 
94         | 20         | 8836       | 1880       | 
68         | 23         | 4624       | 1564       | 
48         | 20         | 2304       | 960        | 
44         | 23         | 1936       | 1012       | 
72         | 19         | 5184       | 1368       | 
30         | 21         | 900        | 630        | 
94         | 22         | 8836       | 2068       | 
32         | 19         | 1024       | 608        | 
60         | 21         | 3600       | 1260       | 
77         | 20         | 5929       | 1540       | 
62         | 22         | 3844       | 1364       | 
38         | 23         | 1444       | 874        | 
94         | 20         | 8836       | 1880       | 
68         | 23         | 4624       | 1564       | 
48         | 20         | 2304       | 960        | 
47         | 19         | 2209       | 893        | 
44         | 23         | 1936       | 1012       | 
53         | 20         | 2809       | 1060       | 
18         | 23         | 324        | 414        | 
71         | 19         | 5041       | 1349       | 
55         | 21         | 3025       | 1155       | 
97         | 20         | 9409       | 1940       | 
84         | 19         | 7056       | 1596       | 
67         | 20         | 4489       | 1340       | 
47         | 22         | 2209       | 1034       | 
100        | 22         | 10000      | 2200       | 
96         | 19         | 9216       | 1824       | 
82         | 23         | 6724       | 1886       | 
52         | 20         | 2704       | 1040       | 
48         | 23         | 2304       | 1104       | 
69         | 19         | 4761       | 1311       | 
97         | 22         | 9409       | 2134       | 
36         | 19         | 1296       | 684        | 
57         | 19         | 3249       | 1083       | 
36         | 19         | 1296       | 684        | 
85         | 23         | 7225       | 1955       | 
69         | 22         | 4761       | 1518       | 
56         | 21         | 3136       | 1176       | 
20         | 22         | 400        | 440        | 
82         | 23         | 6724       | 1886       | 
96         | 22         | 9216       | 2112       | 
86         | 20         | 7396       | 1720       | 
83         | 23         | 6889       | 1909       | 
71         | 19         | 5041       | 1349       | 
20         | 20         | 400        | 400        | 
70         | 21         | 4900       | 1470       | 
95         | 22         | 9025       | 2090       | 
68         | 21         | 4624       | 1428       | 
85         | 23         | 7225       | 1955       | 
59         | 20         | 3481       | 1180       | 
84         | 19         | 7056       | 1596       | 
96         | 19         | 9216       | 1824       | 
20         | 20         | 400        | 400        | 
47         | 19         | 2209       | 893        | 
85         | 23         | 7225       | 1955       | 
86         | 19         | 7396       | 1634       | 
96         | 19         | 9216       | 1824       | 
73         | 21         | 5329       | 1533       | 
---------------------------------------------------
6447       | 2082       | 467807     | 134255     | 
---------------------------------------------------

Value of a is 20.78 and b is 0.00
Equation of linear regression: y = 20.78+0.00x

RESULT OF: SCIENCE and MATH
PEARSON CORRELATION
--------------------------------------------------------------------------------------------------------
x            | y            | x-mx         | y-my         | (x-mx)^2     | (y-my)^2     | (x-mx)(y-my) | 
--------------------------------------------------------------------------------------------------------
92           | 93           | 31.54        | 28.53        | 994.77       | 813.96       | 899.84       | 
87           | 76           | 26.54        | 11.53        | 704.37       | 132.94       | 306.01       | 
77           | 70           | 16.54        | 5.53         | 273.57       | 30.58        | 91.47        | 
48           | 19           | -12.46       | -45.47       | 155.25       | 2067.52      | 566.56       | 
37           | 52           | -23.46       | -12.47       | 550.37       | 155.50       | 292.55       | 
97           | 73           | 36.54        | 8.53         | 1335.17      | 72.76        | 311.69       | 
87           | 95           | 26.54        | 30.53        | 704.37       | 932.08       | 810.27       | 
19           | 58           | -41.46       | -6.47        | 1718.93      | 41.86        | 268.25       | 
68           | 48           | 7.54         | -16.47       | 56.85        | 271.26       | -124.18      | 
55           | 27           | -5.46        | -37.47       | 29.81        | 1404.00      | 204.59       | 
78           | 99           | 17.54        | 34.53        | 307.65       | 1192.32      | 605.66       | 
54           | 96           | -6.46        | 31.53        | 41.73        | 994.14       | -203.68      | 
48           | 61           | -12.46       | -3.47        | 155.25       | 12.04        | 43.24        | 
69           | 76           | 8.54         | 11.53        | 72.93        | 132.94       | 98.47        | 
84           | 48           | 23.54        | -16.47       | 554.13       | 271.26       | -387.70      | 
72           | 70           | 11.54        | 5.53         | 133.17       | 30.58        | 63.82        | 
65           | 71           | 4.54         | 6.53         | 20.61        | 42.64        | 29.65        | 
41           | 90           | -19.46       | 25.53        | 378.69       | 651.78       | -496.81      | 
98           | 89           | 37.54        | 24.53        | 1409.25      | 601.72       | 920.86       | 
28           | 82           | -32.46       | 17.53        | 1053.65      | 307.30       | -569.02      | 
53           | 57           | -7.46        | -7.47        | 55.65        | 55.80        | 55.73        | 
51           | 93           | -9.46        | 28.53        | 89.49        | 813.96       | -269.89      | 
66           | 65           | 5.54         | 0.53         | 30.69        | 0.28         | 2.94         | 
46           | 68           | -14.46       | 3.53         | 209.09       | 12.46        | -51.04       | 
97           | 65           | 36.54        | 0.53         | 1335.17      | 0.28         | 19.37        | 
61           | 34           | 0.54         | -30.47       | 0.29         | 928.42       | -16.45       | 
67           | 71           | 6.54         | 6.53         | 42.77        | 42.64        | 42.71        | 
28           | 18           | -32.46       | -46.47       | 1053.65      | 2159.46      | 1508.42      | 
40           | 34           | -20.46       | -30.47       | 418.61       | 928.42       | 623.42       | 
51           | 52           | -9.46        | -12.47       | 89.49        | 155.50       | 117.97       | 
97           | 57           | 36.54        | -7.47        | 1335.17      | 55.80        | -272.95      | 
75           | 48           | 14.54        | -16.47       | 211.41       | 271.26       | -239.47      | 
83           | 82           | 22.54        | 17.53        | 508.05       | 307.30       | 395.13       | 
31           | 60           | -29.46       | -4.47        | 867.89       | 19.98        | 131.69       | 
20           | 77           | -40.46       | 12.53        | 1637.01      | 157.00       | -506.96      | 
49           | 94           | -11.46       | 29.53        | 131.33       | 872.02       | -338.41      | 
37           | 48           | -23.46       | -16.47       | 550.37       | 271.26       | 386.39       | 
37           | 38           | -23.46       | -26.47       | 550.37       | 700.66       | 620.99       | 
13           | 32           | -47.46       | -32.47       | 2252.45      | 1054.30      | 1541.03      | 
40           | 77           | -20.46       | 12.53        | 418.61       | 157.00       | -256.36      | 
70           | 29           | 9.54         | -35.47       | 91.01        | 1258.12      | -338.38      | 
37           | 38           | -23.46       | -26.47       | 550.37       | 700.66       | 620.99       | 
47           | 94           | -13.46       | 29.53        | 181.17       | 872.02       | -397.47      | 
68           | 68           | 7.54         | 3.53         | 56.85        | 12.46        | 26.62        | 
28           | 48           | -32.46       | -16.47       | 1053.65      | 271.26       | 534.62       | 
83           | 44           | 22.54        | -20.47       | 508.05       | 419.02       | -461.39      | 
87           | 72           | 26.54        | 7.53         | 704.37       | 56.70        | 199.85       | 
91           | 30           | 30.54        | -34.47       | 932.69       | 1188.18      | -1052.71     | 
49           | 94           | -11.46       | 29.53        | 131.33       | 872.02       | -338.41      | 
33           | 32           | -27.46       | -32.47       | 754.05       | 1054.30      | 891.63       | 
31           | 60           | -29.46       | -4.47        | 867.89       | 19.98        | 131.69       | 
40           | 77           | -20.46       | 12.53        | 418.61       | 157.00       | -256.36      | 
70           | 62           | 9.54         | -2.47        | 91.01        | 6.10         | -23.56       | 
37           | 38           | -23.46       | -26.47       | 550.37       | 700.66       | 620.99       | 
47           | 94           | -13.46       | 29.53        | 181.17       | 872.02       | -397.47      | 
68           | 68           | 7.54         | 3.53         | 56.85        | 12.46        | 26.62        | 
37           | 48           | -23.46       | -16.47       | 550.37       | 271.26       | 386.39       | 
43           | 47           | -17.46       | -17.47       | 304.85       | 305.20       | 305.03       | 
83           | 44           | 22.54        | -20.47       | 508.05       | 419.02       | -461.39      | 
48           | 53           | -12.46       | -11.47       | 155.25       | 131.56       | 142.92       | 
54           | 18           | -6.46        | -46.47       | 41.73        | 2159.46      | 300.20       | 
90           | 71           | 29.54        | 6.53         | 872.61       | 42.64        | 192.90       | 
47           | 55           | -13.46       | -9.47        | 181.17       | 89.68        | 127.47       | 
36           | 97           | -24.46       | 32.53        | 598.29       | 1058.20      | -795.68      | 
81           | 84           | 20.54        | 19.53        | 421.89       | 381.42       | 401.15       | 
55           | 67           | -5.46        | 2.53         | 29.81        | 6.40         | -13.81       | 
35           | 47           | -25.46       | -17.47       | 648.21       | 305.20       | 444.79       | 
53           | 100          | -7.46        | 35.53        | 55.65        | 1262.38      | -265.05      | 
52           | 96           | -8.46        | 31.53        | 71.57        | 994.14       | -266.74      | 
83           | 82           | 22.54        | 17.53        | 508.05       | 307.30       | 395.13       | 
28           | 52           | -32.46       | -12.47       | 1053.65      | 155.50       | 404.78       | 
75           | 48           | 14.54        | -16.47       | 211.41       | 271.26       | -239.47      | 
79           | 69           | 18.54        | 4.53         | 343.73       | 20.52        | 83.99        | 
91           | 97           | 30.54        | 32.53        | 932.69       | 1058.20      | 993.47       | 
98           | 36           | 37.54        | -28.47       | 1409.25      | 810.54       | -1068.76     | 
53           | 57           | -7.46        | -7.47        | 55.65        | 55.80        | 55.73        | 
66           | 36           | 5.54         | -28.47       | 30.69        | 810.54       | -157.72      | 
68           | 85           | 7.54         | 20.53        | 56.85        | 421.48       | 154.80       | 
32           | 69           | -28.46       | 4.53         | 809.97       | 20.52        | -128.92      | 
44           | 56           | -16.46       | -8.47        | 270.93       | 71.74        | 139.42       | 
35           | 20           | -25.46       | -44.47       | 648.21       | 1977.58      | 1132.21      | 
83           | 82           | 22.54        | 17.53        | 508.05       | 307.30       | 395.13       | 
49           | 96           | -11.46       | 31.53        | 131.33       | 994.14       | -361.33      | 
73           | 86           | 12.54        | 21.53        | 157.25       | 463.54       | 269.99       | 
54           | 83           | -6.46        | 18.53        | 41.73        | 343.36       | -119.70      | 
90           | 71           | 29.54        | 6.53         | 872.61       | 42.64        | 192.90       | 
96           | 20           | 35.54        | -44.47       | 1263.09      | 1977.58      | -1580.46     | 
72           | 70           | 11.54        | 5.53         | 133.17       | 30.58        | 63.82        | 
87           | 95           | 26.54        | 30.53        | 704.37       | 932.08       | 810.27       | 
99           | 68           | 38.54        | 3.53         | 1485.33      | 12.46        | 136.05       | 
28           | 85           | -32.46       | 20.53        | 1053.65      | 421.48       | -666.40      | 
84           | 59           | 23.54        | -5.47        | 554.13       | 29.92        | -128.76      | 
81           | 84           | 20.54        | 19.53        | 421.89       | 381.42       | 401.15       | 
54           | 96           | -6.46        | 31.53        | 41.73        | 994.14       | -203.68      | 
73           | 20           | 12.54        | -44.47       | 157.25       | 1977.58      | -557.65      | 
43           | 47           | -17.46       | -17.47       | 304.85       | 305.20       | 305.03       | 
68           | 85           | 7.54         | 20.53        | 56.85        | 421.48       | 154.80       | 
65           | 86           | 4.54         | 21.53        | 20.61        | 463.54       | 97.75        | 
52           | 96           | -8.46        | 31.53        | 71.57        | 994.14       | -266.74      | 
97           | 73           | 36.54        | 8.53         | 1335.17      | 72.76        | 311.69       | 
--------------------------------------------------------------------------------------------------------
6046         | 6447         | -            | -            | 49652.84     | 52168.91     | 8529.38      | 
--------------------------------------------------------------------------------------------------------

Pearson Correlation Coefficient: 
r = 0.17
